image: cart_test.pgm
resolution: 0.050000
origin: [-5.181539, -30.798593, 0.000000]
negate: 0
occupied_thresh: 0.65
free_thresh: 0.196

