image: levine_cart.pgm
resolution: 0.05
origin: [-3.506048202514648, -34.46009173393249, 0]
occupied_thresh: 0.51
free_thresh: 0.49
negate: 0