image: levine_4th_cart_good.pgm
resolution: 0.05
origin: [-2.472556304931643, -30.53952751159668, 0]
occupied_thresh: 0.51
free_thresh: 0.49
negate: 0