image: map_grasp.pgm
resolution: 0.050000
origin: [-6.905613, -8.114701, 0.000000]
negate: 0
occupied_thresh: 0.65
free_thresh: 0.196

